STARLINK-11552 [DTC]    
1 62907U 25027A   25068.88511090  .00003802  00000+0  24683-4 0  9992
2 62907  42.9979  27.8697 0001148 282.0559  78.0182 15.77873922  5798
STARLINK-11561 [DTC]    
1 62908U 25027B   25068.31055673  .00004367  00000+0  27942-4 0  9999
2 62908  42.9979  31.2996 0001266 266.9244  93.1481 15.77859637  5677
STARLINK-11567 [DTC]    
1 62909U 25027C   25069.25030031 -.00006394  00000+0 -33948-4 0  9992
2 62909  42.9958  25.4364 0001666 256.8124 103.2561 15.77826945  5801
STARLINK-11569 [DTC]    
1 62910U 25027D   25069.25517524 -.00003754  00000+0 -18731-4 0  9991
2 62910  42.9975  25.4768 0001383 258.6589 101.4126 15.77841526  5800
STARLINK-11537 [DTC]    
1 62911U 25027E   25069.30871429 -.00000613  00000+0 -65640-6 0  9999
2 62911  42.9963  25.0124 0001438 266.6921  93.3784 15.77849551  5861
STARLINK-11565 [DTC]    
1 62912U 25027F   25069.24053675 -.00001656  00000+0 -66579-5 0  9997
2 62912  42.9958  25.3608 0001237 260.9093  99.1637 15.77845292  5757
STARLINK-11564 [DTC]    
1 62913U 25027G   25069.23565418 -.00007318  00000+0 -39252-4 0  9998
2 62913  43.0015  25.3204 0002088 275.6261  84.4371 15.77833596  5803
STARLINK-11566 [DTC]    
1 62914U 25027H   25069.23077583 -.00007828  00000+0 -42195-4 0  9996
2 62914  43.0011  25.2807 0002437 270.6004  89.4586 15.77829806  5853
STARLINK-11555 [DTC]    
1 62915U 25027J   25069.28920908 -.00010746  00000+0 -59069-4 0  9991
2 62915  42.9957  24.8545 0000560 262.9164  97.1643 15.77820602  5878
STARLINK-11430 [DTC]    
1 62916U 25027K   25069.22101737 -.00005655  00000+0 -29670-4 0  9995
2 62916  42.9995  25.2009 0003033 256.5770 103.4762 15.77829081  5863
STARLINK-11560 [DTC]    
1 62917U 25027L   25069.15283340 -.00015015  00000+0 -83680-4 0  9991
2 62917  42.9991  25.5455 0001605 280.8318  79.2372 15.77825984  5796
STARLINK-11562 [DTC]    
1 62918U 25027M   25067.00003472 -.00023204  00000+0 -13079-3 0  9993
2 62918  42.9996  38.5919 0001419 257.0927 127.2391 15.77863706  5548
STARLINK-11457 [DTC]    
1 62919U 25027N   25068.00002315  .00023355  00000+0  13684-3 0  9997
2 62919  42.9995  32.4317 0001325 269.5050  69.7613 15.77833525  5648
STARLINK-32921          
1 62920U 25027P   25068.00002315  .00042477  00000+0  10195-2 0  9998
2 62920  43.0003  36.1509 0001455 265.9452   5.3155 15.40669352  5660
STARLINK-32917          
1 62921U 25027Q   25067.00003472  .00022523  00000+0  41160-3 0  9990
2 62921  43.0002  41.6600 0001405 269.8512 312.0650 15.48948680  5433
STARLINK-32916          
1 62922U 25027R   25068.00002315 -.00057792  00000+0 -10440-2 0  9991
2 62922  43.0000  35.8216 0001386 269.6246 137.0738 15.48984551  5664
STARLINK-32905          
1 62923U 25027S   25068.91668981  .00114125  00000+0  27096-2 0  9996
2 62923  43.0001  30.6565 0001306 254.9754 153.8106 15.40577354  5801
STARLINK-32871          
1 62924U 25027T   25067.00003472 -.00017434  00000+0 -30925-3 0  9997
2 62924  43.0001  41.6455 0001388 258.0649 329.5955 15.48970069  5497
STARLINK-32920          
1 62925U 25027U   25067.00003472  .00002294  00000+0  47436-4 0  9990
2 62925  43.0002  41.6306 0001448 265.7950 327.6213 15.48958338  5436
STARLINK-32922          
1 62926U 25027V   25069.08684422 -.00000940  00000+0 -10938-4 0  9996
2 62926  42.9997  29.4610 0001236 263.5190  96.5529 15.48957640  5759
STARLINK-32891          
1 62927U 25027W   25069.50002315  .00055628  00000+0  13325-2 0  9991
2 62927  43.0003  27.1748 0001935 264.9691 192.7531 15.40625313  5791
ELECTRON KICK STAGE R/B 
1 62928U 25028A   25069.25220481  .00004458  00000+0  50823-3 0  9991
2 62928  97.9527 125.0944 0040889 292.9673  66.7230 14.86057349  4364
KINEIS-2C               
1 62929U 25028B   25069.51792674  .00003262  00000+0  48097-3 0  9991
2 62929  97.9520 124.8902 0000231 126.2281 233.8950 14.75998355  4365
KINEIS-2D               
1 62930U 25028C   25069.51615245  .00000145  00000+0  28309-4 0  9993
2 62930  97.9519 124.8920 0000509 177.6685 182.4527 14.76065553  4377
KINEIS-2E               
1 62931U 25028D   25069.51439217  .00003140  00000+0  46170-3 0  9990
2 62931  97.9517 124.8948 0001379 125.2362 234.8977 14.76151775  4376
KINEIS-2A               
1 62932U 25028E   25069.50832240  .00000020  00000+0  10181-4 0  9991
2 62932  97.9521 124.9026 0002273 179.1982 180.9232 14.76447232  4360
KINEIS-2B               
1 62934U 25028G   25069.50605487  .00003398  00000+0  49401-3 0  9991
2 62934  97.9520 124.9057 0002779 161.3013 198.8300 14.76582846  4369
STARLINK-32728          
1 62948U 25029A   25068.91668981  .00000453  00000+0  16215-4 0  9996
2 62948  53.1605 130.3430 0001167 106.0204  91.2932 15.49302447  5328
STARLINK-32857          
1 62949U 25029B   25069.16667824 -.01510076  00000+0 -35763-1 0  9996
2 62949  53.1605 129.1718 0001447  84.0924  56.0294 15.44263804  5462
STARLINK-32850          
1 62950U 25029C   25068.91668981 -.00004590  00000+0 -74538-4 0  9999
2 62950  53.1604 130.3354 0001171 106.6532  94.4934 15.49301251  5486
STARLINK-32875          
1 62951U 25029D   25069.50002315 -.01503791  00000+0 -34676-1 0  9993
2 62951  53.1600 127.5605 0001537  83.6345 126.5716 15.45028087  5510
STARLINK-32865          
1 62952U 25029E   25069.16667824  .00033806  00000+0  61343-3 0  9993
2 62952  53.1604 129.1360 0001206 108.4003  49.7497 15.49300971  5466
STARLINK-32884          
1 62953U 25029F   25069.50002315 -.01368563  00000+0 -27050-1 0  9999
2 62953  53.1601 127.5365 0001801  96.3260 125.8055 15.49639579  5513
STARLINK-32874          
1 62954U 25029G   25069.50002315 -.00004086  00000+0 -65430-4 0  9993
2 62954  53.1600 127.5323 0001189  81.6117 142.5790 15.49318452  5510
STARLINK-32880          
1 62955U 25029H   25069.50002315  .00044242  00000+0  80339-3 0  9994
2 62955  53.1600 127.5279 0000423 119.1313 107.2349 15.49153384  5515
STARLINK-32815          
1 62956U 25029J   25069.16667824 -.01510291  00000+0 -31630-1 0  9992
2 62956  53.1603 129.1188 0001440  97.9366  68.5311 15.47811026  5472
STARLINK-32879          
1 62957U 25029K   25068.91668981  .00022773  00000+0  41656-3 0  9991
2 62957  53.1603 130.3075 0001556  97.4287 117.1356 15.49292957  5486
STARLINK-32885          
1 62958U 25029L   25069.50002315 -.00002433  00000+0 -35680-4 0  9995
2 62958  53.1600 127.5163 0001210 100.7758 131.0854 15.49322553  5505
STARLINK-32896          
1 62959U 25029M   25068.91668981  .00019367  00000+0  35560-3 0  9995
2 62959  53.1602 130.2994 0001484 100.8281 117.5693 15.49293127  5487
STARLINK-32877          
1 62960U 25029N   25069.50002315  .00057033  00000+0  10273-2 0  9991
2 62960  53.1600 127.5086 0001169  76.8939 158.8273 15.49273789  5462
STARLINK-32889          
1 62961U 25029P   25069.16667824 -.01511167  00000+0 -32851-1 0  9997
2 62961  53.1602 129.1040 0001533  93.9531  79.6782 15.46745526  5450
STARLINK-32858          
1 62962U 25029Q   25069.16667824 -.01519830  00000+0 -31155-1 0  9999
2 62962  53.1601 129.0832 0001275  93.4954  91.0408 15.48439942  5362
STARLINK-32882          
1 62963U 25029R   25068.91668981  .00021766  00000+0  39856-3 0  9998
2 62963  53.1602 130.2880 0001146 104.3685 119.7826 15.49291094  5481
STARLINK-32887          
1 62964U 25029S   25069.16667824 -.01510142  00000+0 -36323-1 0  9990
2 62964  53.1601 129.1182 0001494  89.5471  76.6755 15.43810233  5451
STARLINK-32836          
1 62965U 25029T   25069.50002315 -.00018460  00000+0 -32448-3 0  9998
2 62965  53.1600 127.4969 0001206  87.7471 153.7039 15.49321202  5503
STARLINK-32888          
1 62966U 25029U   25069.50002315 -.00001594  00000+0 -20587-4 0  9991
2 62966  53.1599 127.4853 0001401  95.0426 152.1536 15.49319413  5508
STARLINK-32897          
1 62967U 25029V   25069.50002315 -.00009778  00000+0 -16790-3 0  9994
2 62967  53.1599 127.4815 0001106  88.0241 161.0897 15.49320571  5502
STARLINK-32863          
1 62968U 25029W   25069.50002315  .00007609  00000+0  14470-3 0  9997
2 62968  53.1599 127.4772 0001338  99.8950 151.1320 15.49317597  5469
STARLINK-32894          
1 62969U 25029X   25068.91668981  .00006854  00000+0  13125-3 0  9996
2 62969  53.1600 130.2603 0001182 105.3188 132.2514 15.49295771  5487
STARLINK-32826          
1 62970U 25029Y   25069.50002315 -.00010227  00000+0 -17601-3 0  9991
2 62970  53.1599 127.4692 0001088  91.3850 163.4813 15.49317304  5505
2025-030A               
1 62971U 25030A   25069.50293956  .00000118  00000+0  16165-3 0  9997
2 62971  50.0005 122.6873 0007944 351.5883   8.4888 14.06791192  3811
2025-030B               
1 62972U 25030B   25069.50576105  .00000118  00000+0  16199-3 0  9995
2 62972  50.0021 122.7072 0008770 348.5457  11.5247 14.06756752  3810
2025-030C               
1 62973U 25030C   25069.50169405  .00000118  00000+0  16171-3 0  9997
2 62973  50.0025 122.6865 0006476 347.5083  12.5661 14.06768191  3810
2025-030D               
1 62974U 25030D   25069.49824669  .00000099  00000+0  15046-3 0  9994
2 62974  50.0030 122.6695 0008029 356.7974   3.2879 14.06807020  3818
2025-030E               
1 62975U 25030E   25069.50051706  .00000106  00000+0  15497-3 0  9990
2 62975  50.0026 122.6803 0006266 346.8545  13.2196 14.06764345  3815
2025-030F               
1 62976U 25030F   25069.49703958  .00000110  00000+0  15685-3 0  9996
2 62976  50.0048 122.6679 0007263   6.8128 353.2876 14.06764672  3814
2025-030G               
1 62977U 25030G   25069.49584990  .00000109  00000+0  15649-3 0  9998
2 62977  50.0060 122.6650 0005549   1.3884 358.7037 14.06764724  3819
2025-030H               
1 62978U 25030H   25069.49287639  .00000110  00000+0  15695-3 0  9992
2 62978  50.0063 122.6498 0007342  11.1883 348.9185 14.06759494  3817
2025-030J               
1 62979U 25030J   25069.49941651  .00000108  00000+0  15598-3 0  9993
2 62979  50.0049 122.6816 0005973   6.9047 353.1940 14.06762573  3817
CZ-8A R/B               
1 62980U 25030K   25068.52818047  .00000219  00000+0  13091-3 0  9999
2 62980  50.0049 122.0602 0118843 175.1140 185.0965 14.32680378  3742
STARLINK-11543 [DTC]    
1 62981U 25031A   25069.09279635 -.00005396  00000+0 -28176-4 0  9992
2 62981  42.9988  41.5731 0001610 266.9814  93.0872 15.77843021  5375
STARLINK-11458 [DTC]    
1 62982U 25031B   25069.08792084 -.00005485  00000+0 -28694-4 0  9994
2 62982  42.9983  41.5342 0001428 277.3600  82.7107 15.77841801  5375
STARLINK-11417 [DTC]    
1 62983U 25031C   25069.08304091 -.00003698  00000+0 -18406-4 0  9996
2 62983  42.9954  41.4924 0000747 245.9486 114.1306 15.77848743  5378
STARLINK-11544 [DTC]    
1 62984U 25031D   25069.33136674 -.00002193  00000+0 -97592-5 0  9998
2 62984  42.9941  39.9086 0000467 304.5148  55.5678 15.77841387  5357
STARLINK-11582 [DTC]    
1 62985U 25031E   25069.32648461  .00000497  00000+0  57185-5 0  9997
2 62985  42.9947  39.8676 0001157 232.3560 127.7205 15.77847482  5418
STARLINK-11571 [DTC]    
1 62986U 25031F   25069.32162184 -.00010382  00000+0 -56997-4 0  9996
2 62986  42.9980  39.8305 0000695 323.2675  36.8147 15.77809116  5415
STARLINK-11539 [DTC]    
1 62987U 25031G   25069.25342513 -.00000747  00000+0 -14371-5 0  9990
2 62987  42.9984  40.1776 0000901 302.3452  57.7331 15.77831086  5405
STARLINK-11542 [DTC]    
1 62988U 25031H   25069.31184822 -.00003713  00000+0 -18495-4 0  9991
2 62988  42.9996  39.7530 0001527 271.1286  88.9409 15.77838758  5230
STARLINK-11573 [DTC]    
1 62989U 25031J   25068.99046291 -.00000589  00000+0 -51639-6 0  9999
2 62989  42.9972  41.6389 0001611 240.7211 119.3499 15.77852420  5301
STARLINK-11572 [DTC]    
1 62990U 25031K   25069.30208002  .00008811  00000+0  53457-4 0  9999
2 62990  43.0013  39.6715 0002432 254.6485 105.4116 15.77851861  5412
STARLINK-11583 [DTC]    
1 62991U 25031L   25068.00002315  .00004350  00000+0  27852-4 0  9999
2 62991  42.9996  47.5344 0001443 263.4146 279.2789 15.77854414  5233
STARLINK-11570 [DTC]    
1 62992U 25031M   25068.00002315  .00011425  00000+0  68463-4 0  9994
2 62992  42.9996  47.4647 0001494 257.1595 313.3001 15.77845377  5227
STARLINK-11576 [DTC]    
1 62993U 25031N   25069.00002315  .00101958  00000+0  58352-3 0  9992
2 62993  42.9996  41.3047 0001371 270.8387 254.6344 15.77789247  5354
STARLINK-32899          
1 62994U 25031P   25069.50002315  .00066947  00000+0  15974-2 0  9998
2 62994  43.0001  41.6919 0001489 271.2440 269.1529 15.40671018  5341
STARLINK-32819          
1 62995U 25031Q   25069.50002315 -.00437388  00000+0 -10973-1 0  9995
2 62995  43.0002  41.6315 0001555 274.6262 290.5096 15.40977055  5343
STARLINK-32703          
1 62996U 25031R   25069.50002315  .00131149  00000+0  31083-2 0  9996
2 62996  43.0004  41.8159 0002080 244.5810 244.0657 15.40551986  5341
STARLINK-32881          
1 62997U 25031S   25068.00002315 -.00002646  00000+0 -39305-4 0  9999
2 62997  43.0002  50.2729 0001430 264.3054 251.5672 15.50569247  5176
STARLINK-32898          
1 62998U 25031T   25069.50002315  .00068178  00000+0  16259-2 0  9997
2 62998  43.0003  41.7509 0001074 274.6666 240.8026 15.40680308  5340
STARLINK-32658          
1 62999U 25031U   25067.00003472  .00032444  00000+0  55694-3 0  9990
2 62999  43.0004  56.1096 0001329 262.1706  68.8390 15.50559765  5012
STARLINK-32673          
1 63000U 25031V   25068.00002315 -.01437078  00000+0 -27255-1 0  9995
2 63000  43.0001  50.2568 0001137 252.5637 269.0426 15.50732544  4174
STARLINK-32437          
1 63001U 25031W   25069.16667824 -.01530866  00000+0 -35797-1 0  9995
2 63001  43.0000  43.5119 0001307 275.6501 255.6258 15.44456907  5305
2025-009DM              
1 63002U 25009DM  25068.76497387  .00042372  00000+0  19804-2 0  9990
2 63002  97.4483 150.6283 0001816  74.4119 285.7316 15.19653639 65826
FOSSASAT-2E20 (TAT-O)   
1 63003U 25009DN  25069.29772060  .00005889  00000+0  29048-3 0  9998
2 63003  97.3592 150.6196 0004686 150.7094 209.4404 15.18273907  8258
2025-009DP              
1 63004U 25009DP  25069.18668909  .00068783  00000+0  29545-2 0  9996
2 63004  97.4491 151.1440 0000286 128.5611 231.5651 15.22408268  8240
STARLINK-11448 [DTC]    
1 63005U 25032A   25068.94008621  .00023947  00000+0  14010-3 0  9990
2 63005  42.9942 237.0360 0000546 254.2894 105.7916 15.77853936  4801
STARLINK-11553 [DTC]    
1 63006U 25032B   25068.93520058  .00001017  00000+0  86980-5 0  9994
2 63006  42.9966 236.9956 0000568 323.0596  37.0234 15.77859346  4806
STARLINK-11526 [DTC]    
1 63007U 25032C   25069.50001737 -.00002128  00000+0 -93625-5 0  9997
2 63007  42.9977 233.4888 0002325 265.6355  94.4250 15.77847857  4890
STARLINK-11405 [DTC]    
1 63008U 25032D   25069.49513879 -.00001666  00000+0 -66993-5 0  9995
2 63008  42.9985 233.4523 0002924 273.2272  86.8263 15.77846406  4735
STARLINK-11586 [DTC]    
1 63009U 25032E   25067.00003472  .00022206  00000+0  13019-3 0  9994
2 63009  42.9993 248.5814 0001974 270.9561 326.6001 15.77846051  4500
STARLINK-11574 [DTC]    
1 63010U 25032F   25068.00002315 -.00048088  00000+0 -27458-3 0  9992
2 63010  42.9978 242.4208 0001854 269.2473 283.2586 15.77890620  4681
STARLINK-11580 [DTC]    
1 63011U 25032G   25069.00002315  .00106109  00000+0  60736-3 0  9997
2 63011  42.9979 236.2596 0001778 280.4233 227.1142 15.77770393  4609
STARLINK-11449 [DTC]    
1 63012U 25032H   25069.16667824  .00006044  00000+0  37584-4 0  9990
2 63012  42.9985 235.1737 0002031 274.3010 128.7314 15.77848129  4846
STARLINK-11577 [DTC]    
1 63013U 25032J   25068.91668981  .00023278  00000+0  13633-3 0  9994
2 63013  42.9993 236.6294 0001802 276.5350 172.5012 15.77845250  4839
STARLINK-11578 [DTC]    
1 63014U 25032K   25066.91668981 -.00997603  00000+0 -53342-2 0  9997
2 63014  43.0026 248.7758 0001765 266.7003 342.4459 15.81925996  4487
STARLINK-11541 [DTC]    
1 63015U 25032L   25069.46096842 -.00189158  00000+0 -10015-2 0  9990
2 63015  42.9995 233.1614 0010219 158.4345 201.6958 15.79987938  4896
STARLINK-11545 [DTC]    
1 63016U 25032M   25069.50002315 -.01042067  00000+0 -58640-2 0  9992
2 63016  43.0015 232.8862 0001857 265.8682 336.4921 15.80954102  4906
STARLINK-11400 [DTC]    
1 63017U 25032N   25069.45558248 -.00109183  00000+0 -47439-3 0  9995
2 63017  43.0017 233.1285 0004162 247.3523 112.6909 15.84038365  4899
STARLINK-32870          
1 63018U 25032P   25069.50002315 -.00025254  00000+0 -42572-3 0  9990
2 63018  42.9985 234.9670 0001470 254.4756 227.4883 15.50599449  4899
STARLINK-32872          
1 63019U 25032Q   25069.50002315 -.00018743  00000+0 -31411-3 0  9996
2 63019  42.9985 234.9623 0001428 261.5766 222.3171 15.50607404  4896
STARLINK-32677          
1 63020U 25032R   25069.16667824  .00006997  00000+0  12504-3 0  9990
2 63020  42.9989 236.9055 0001618 265.0383 157.7972 15.50565604  4837
STARLINK-32929          
1 63021U 25032S   25069.50002315  .00000297  00000+0  10874-4 0  9993
2 63021  42.9985 234.9522 0001491 263.4468 224.2681 15.50587376  4899
STARLINK-32944          
1 63022U 25032T   25069.50002315 -.01523005  00000+0 -31861-1 0  9990
2 63022  42.9992 234.9596 0001237 272.6981 212.1320 15.47646279  4899
STARLINK-32943          
1 63023U 25032U   25068.91668981  .00062016  00000+0  10558-2 0  9990
2 63023  42.9987 238.3561 0001533 274.6584 196.8212 15.50545706  4844
STARLINK-32803          
1 63024U 25032V   25069.50002315 -.00017816  00000+0 -29842-3 0  9997
2 63024  42.9985 234.9378 0001472 263.9468 229.5205 15.50591848  4681
STARLINK-32926          
1 63025U 25032W   25068.91668981  .00056597  00000+0  96471-3 0  9998
2 63025  42.9987 238.3463 0001524 276.4657 198.8489 15.50546004  4848
ELECTRON KICK STAGE R/B 
1 63026U 25033A   25069.18934312  .00043207  00000+0  13725-2 0  9998
2 63026  59.0018  29.5981 0009829  20.2161 339.9299 15.32303951  2947
GLOBAL-31               
1 63027U 25033B   25069.19333929  .00021266  00000+0  69788-3 0  9999
2 63027  59.0034  29.6283 0009990 357.6678   2.4346 15.31597412  2942
STARLINK-32798          
1 63029U 25034A   25069.50002315 -.01403194  00000+0 -14091-1 0  9991
2 63029  53.1607 166.0384 0001139  68.9406 112.7615 15.67924919  4324
STARLINK-32779          
1 63030U 25034B   25069.50002315 -.01408905  00000+0 -14154-1 0  9998
2 63030  53.1608 166.0344 0001140  69.1361 114.4819 15.67928235  4328
STARLINK-32716          
1 63031U 25034C   25069.50002315 -.01406564  00000+0 -14129-1 0  9990
2 63031  53.1608 166.0304 0001205  65.9772 119.5613 15.67924777  4322
STARLINK-32776          
1 63032U 25034D   25069.50002315 -.01406426  00000+0 -14126-1 0  9995
2 63032  53.1608 166.0263 0001280  71.0788 116.3747 15.67926441  4328
STARLINK-32772          
1 63033U 25034E   25069.50002315 -.01405225  00000+0 -14113-1 0  9998
2 63033  53.1601 166.0221 0001176  69.3704 119.9988 15.67926381  4327
STARLINK-32830          
1 63034U 25034F   25069.50002315 -.01407229  00000+0 -14136-1 0  9990
2 63034  53.1601 166.0142 0001130  74.9633 118.2408 15.67926509  4324
STARLINK-32801          
1 63035U 25034G   25069.50002315 -.01406490  00000+0 -14127-1 0  9990
2 63035  53.1601 166.0182 0001224  68.3335 122.9523 15.67926554  4228
STARLINK-32818          
1 63036U 25034H   25069.50002315 -.01406273  00000+0 -14125-1 0  9998
2 63036  53.1601 166.0101 0001159  71.4390 123.6810 15.67926427  4320
STARLINK-32810          
1 63037U 25034J   25069.50002315 -.01399236  00000+0 -14048-1 0  9993
2 63037  53.1602 166.0061 0001184  68.1372 128.9014 15.67921070  4297
STARLINK-32812          
1 63038U 25034K   25069.50002315 -.01407341  00000+0 -14137-1 0  9990
2 63038  53.1603 165.9501 0001204  71.1133 152.7605 15.67926213  4226
STARLINK-32811          
1 63039U 25034L   25069.50002315 -.01404074  00000+0 -14101-1 0  9992
2 63039  53.1603 166.0020 0001183  68.0737 130.8807 15.67924463  4222
STARLINK-32832          
1 63040U 25034M   25069.50002315 -.01401168  00000+0 -14067-1 0  9996
2 63040  53.1601 165.9983 0001394  73.3359 127.5343 15.67923946  4224
STARLINK-32820          
1 63041U 25034N   25069.50002315 -.01410085  00000+0 -14167-1 0  9996
2 63041  53.1602 165.9939 0001205  69.8228 132.9647 15.67928277  4222
STARLINK-32795          
1 63042U 25034P   25069.50002315 -.01405228  00000+0 -14113-1 0  9991
2 63042  53.1604 165.9899 0001210  72.9089 131.7950 15.67926096  4227
STARLINK-32827          
1 63043U 25034Q   25069.50002315 -.01410860  00000+0 -14175-1 0  9998
2 63043  53.1603 165.9819 0001355  76.2107 132.3278 15.67928109  4325
STARLINK-32735          
1 63044U 25034R   25069.50002315 -.01405064  00000+0 -14112-1 0  9990
2 63044  53.1602 165.9776 0001086  70.0143 140.4408 15.67925894  4222
STARLINK-32828          
1 63045U 25034S   25069.50002315 -.01405077  00000+0 -14112-1 0  9995
2 63045  53.1603 165.9858 0001167  77.2507 129.3716 15.67925325  4326
STARLINK-32738          
1 63046U 25034T   25069.50002315 -.01404669  00000+0 -14106-1 0  9995
2 63046  53.1602 165.9697 0001275  73.8967 140.3909 15.67926538  4222
STARLINK-32590          
1 63047U 25034U   25069.50002315 -.01406471  00000+0 -14127-1 0  9992
2 63047  53.1602 165.9737 0001250  73.9953 138.3772 15.67925908  4222
STARLINK-32790          
1 63048U 25034V   25069.50002315 -.01405177  00000+0 -14112-1 0  9999
2 63048  53.1603 165.9616 0001126  71.9182 146.2016 15.67927691  4325
STARLINK-32829          
1 63049U 25034W   25069.50002315 -.01403380  00000+0 -14093-1 0  9992
2 63049  53.1602 165.9657 0001255  72.1430 144.0634 15.67923910  4223
STARLINK-32816          
1 63050U 25034X   25069.50002315 -.01407133  00000+0 -14134-1 0  9990
2 63050  53.1602 165.9577 0001141  69.9205 150.1162 15.67927944  4229
STARLINK-32835          
1 63051U 25034Y   25069.50002315 -.01402002  00000+0 -14078-1 0  9998
2 63051  53.1602 165.9539 0001143  72.2385 149.7175 15.67923928  4211
STARLINK-11550 [DTC]    
1 63052U 25035A   25069.50002315 -.00872999  00000+0 -40470-2 0  9991
2 63052  43.0003  53.8052 0001448 272.3799 214.6566 15.84601797  3907
STARLINK-11563 [DTC]    
1 63053U 25035B   25069.50002315 -.00290943  00000+0 -12604-2 0  9993
2 63053  43.0000  53.7644 0001373 276.6694 226.2652 15.84610718  3794
STARLINK-11347 [DTC]    
1 63054U 25035C   25069.16667824 -.00535047  00000+0 -22307-2 0  9996
2 63054  42.9999  55.7393 0001070 272.0669 157.5512 15.85983226  3855
STARLINK-11558 [DTC]    
1 63055U 25035D   25069.16667824 -.00549597  00000+0 -23464-2 0  9997
2 63055  43.0002  55.7774 0001133 267.7590 146.9673 15.85531755  3744
STARLINK-11392 [DTC]    
1 63056U 25035E   25069.50002315 -.00490708  00000+0 -20265-2 0  9999
2 63056  43.0000  53.6471 0001398 283.1916 266.3907 15.86071519  3904
STARLINK-11406 [DTC]    
1 63057U 25035F   25069.16667824 -.00503971  00000+0 -19692-2 0  9993
2 63057  42.9999  55.6351 0001056 266.3496 204.5004 15.87225030  3650
STARLINK-11418 [DTC]    
1 63058U 25035G   25069.16667824 -.00509579  00000+0 -20317-2 0  9990
2 63058  43.0000  55.6691 0001055 271.6562 185.7337 15.86831048  3701
STARLINK-11509 [DTC]    
1 63059U 25035H   25069.16667824 -.00494517  00000+0 -18941-2 0  9996
2 63059  42.9998  55.6027 0001228 280.0828 203.5773 15.87602939  2652
STARLINK-11403 [DTC]    
1 63060U 25035J   25069.16667824 -.00486857  00000+0 -18291-2 0  9994
2 63060  42.9999  55.5727 0000989 265.0242 230.6222 15.87973088  2664
STARLINK-11409 [DTC]    
1 63061U 25035K   25069.50002315 -.00439412  00000+0 -16392-2 0  9996
2 63061  42.9997  53.4804 0001327 276.6569 338.6185 15.88004621  3907
STARLINK-11412 [DTC]    
1 63062U 25035L   25068.91668981 -.00428101  00000+0 -15272-2 0  9997
2 63062  43.0000  57.0568 0001311 246.1311 281.7627 15.88867028  3831
STARLINK-11399 [DTC]    
1 63063U 25035M   25068.91668981 -.00421239  00000+0 -14777-2 0  9992
2 63063  43.0001  57.0281 0001303 256.4962 282.9372 15.89183051  3830
STARLINK-11408 [DTC]    
1 63064U 25035N   25069.50002315 -.00421248  00000+0 -14932-2 0  9995
2 63064  42.9999  53.3879 0001367 279.9989  12.1994 15.88977279  3910
STARLINK-33635          
1 63065U 25035P   25069.50002315 -.01121202  00000+0 -66408-2 0  9999
2 63065  42.9991  53.6238 0001224 292.4164 264.3802 15.79624075  3914
STARLINK-33622          
1 63066U 25035Q   25069.50002315 -.01129499  00000+0 -67435-2 0  9997
2 63066  42.9991  53.6165 0001177 290.7966 269.1770 15.79470160  3913
STARLINK-33628          
1 63067U 25035R   25069.50002315 -.01133135  00000+0 -67826-2 0  9994
2 63067  42.9990  53.6100 0001215 276.6747 285.6282 15.79422214  3913
STARLINK-33627          
1 63068U 25035S   25069.16667824 -.01197411  00000+0 -70682-2 0  9990
2 63068  42.9990  55.6305 0001062 277.0775 194.3139 15.79870839  3859
STARLINK-33620          
1 63069U 25035T   25069.50002315 -.01260037  00000+0 -79654-2 0  9990
2 63069  42.9990  53.5707 0001115 283.8444 294.0117 15.78524835  3901
STARLINK-33604          
1 63070U 25035U   25068.91668981 -.01129832  00000+0 -63949-2 0  9990
2 63070  42.9991  57.1634 0001350 285.2231 198.8877 15.80621336  3837
STARLINK-33624          
1 63071U 25035V   25069.16667824 -.01224411  00000+0 -73013-2 0  9996
2 63071  42.9989  55.6215 0001091 278.3565 196.2842 15.79712647  3757
STARLINK-33623          
1 63072U 25035W   25069.50002315 -.01215456  00000+0 -76049-2 0  9994
2 63072  42.9988  53.5767 0001320 275.3830 299.7977 15.78643674  3911
STARLINK-33586          
1 63073U 25035X   25069.50002315 -.01246736  00000+0 -78909-2 0  9997
2 63073  42.9987  53.5636 0001118 283.9051 296.1263 15.78466955  3915
STARLINK-33605          
1 63074U 25035Y   25069.50002315 -.01259895  00000+0 -80594-2 0  9991
2 63074  42.9988  53.5566 0001110 285.4499 297.4584 15.78264997  3905
ZHONGXING-10R           
1 63075U 25036A   25066.85322152 -.00000366  00000+0  00000+0 0  9998
2 63075   0.0634 295.9341 0001935  78.1175 224.8890  1.00267986   266
CZ-3B R/B               
1 63076U 25036B   25055.05394378  .00059053  12400-5  46825-2 0  9995
2 63076  27.6838 331.3643 7300243 180.7131 177.9389  2.28429853    31
STARLINK-32839          
1 63077U 25037A   25069.16667824 -.00773279  00000+0 -34499-2 0  9999
2 63077  69.9912 209.7956 0003939 278.5530 142.8663 15.85787570  3548
STARLINK-32821          
1 63078U 25037B   25069.16667824 -.00775404  00000+0 -34598-2 0  9992
2 63078  69.9911 209.7920 0003907 279.7832 144.6713 15.85790388  3426
STARLINK-32817          
1 63079U 25037C   25069.16667824 -.00778231  00000+0 -34741-2 0  9994
2 63079  69.9909 209.7872 0003857 279.2988 149.1513 15.85787590  3497
STARLINK-32906          
1 63080U 25037D   25069.16667824 -.00791367  00000+0 -35330-2 0  9996
2 63080  69.9907 209.7804 0003923 278.8472 155.1554 15.85815555  3607
STARLINK-32895          
1 63081U 25037E   25069.16667824 -.00786289  00000+0 -35112-2 0  9992
2 63081  69.9904 209.7831 0003898 279.2231 152.3610 15.85799029  3445
STARLINK-32933          
1 63082U 25037F   25069.16667824 -.00795436  00000+0 -35505-2 0  9993
2 63082  69.9907 209.7728 0003849 280.5082 159.9699 15.85829762  3537
STARLINK-32932          
1 63083U 25037G   25069.16667824 -.00792932  00000+0 -35403-2 0  9999
2 63083  69.9908 209.7766 0003863 279.7450 157.8167 15.85818137  3380
STARLINK-32908          
1 63084U 25037H   25069.16667824 -.00818800  00000+0 -36621-2 0  9996
2 63084  69.9905 209.7635 0003857 280.9118 167.3297 15.85842646  3282
STARLINK-32505          
1 63085U 25037J   25069.16667824 -.00805255  00000+0 -35979-2 0  9992
2 63085  69.9907 209.7676 0003878 280.4711 164.2981 15.85831668  3555
STARLINK-32914          
1 63086U 25037K   25069.16667824 -.00842506  00000+0 -37768-2 0  9991
2 63086  69.9906 209.7590 0003884 280.4417 171.7314 15.85850050  3605
STARLINK-32918          
1 63087U 25037L   25069.16667824 -.00855009  00000+0 -38382-2 0  9997
2 63087  69.9906 209.7553 0003937 278.9776 176.8847 15.85849740  3605
STARLINK-32912          
1 63088U 25037M   25069.16667824 -.00856427  00000+0 -38419-2 0  9994
2 63088  69.9906 209.7525 0003832 280.5479 177.3657 15.85868690  3608
STARLINK-32910          
1 63089U 25037N   25069.16667824 -.00862628  00000+0 -38729-2 0  9999
2 63089  69.9908 209.7480 0003864 279.5649 182.0413 15.85865815  3602
STARLINK-32903          
1 63090U 25037P   25069.16667824 -.00865906  00000+0 -38880-2 0  9991
2 63090  69.9906 209.7446 0003860 280.7256 183.9834 15.85871466  3233
STARLINK-32925          
1 63091U 25037Q   25069.16667824 -.00872962  00000+0 -39230-2 0  9992
2 63091  69.9907 209.7401 0003859 280.4629 188.0649 15.85870568  3530
STARLINK-32924          
1 63092U 25037R   25069.16667824 -.00877045  00000+0 -39430-2 0  9992
2 63092  69.9907 209.7360 0003907 278.7932 193.3067 15.85870838  3607
STARLINK-32900          
1 63093U 25037S   25069.16667824 -.00884552  00000+0 -39783-2 0  9995
2 63093  69.9911 209.7326 0003917 278.8236 196.3271 15.85880221  3397
STARLINK-32927          
1 63094U 25037T   25069.16667824 -.00906765  00000+0 -40859-2 0  9993
2 63094  69.9907 209.7281 0003938 278.8230 199.6773 15.85893140  3555
STARLINK-32907          
1 63095U 25037U   25069.16667824 -.00931104  00000+0 -42085-2 0  9992
2 63095  69.9906 209.7228 0003886 279.8805 202.8643 15.85887881  3555
STARLINK-32911          
1 63096U 25037V   25069.16667824 -.00940857  00000+0 -42554-2 0  9999
2 63096  69.9907 209.7199 0003841 279.2954 206.3119 15.85897902  3602
STARLINK-32923          
1 63097U 25037W   25069.16667824 -.00942772  00000+0 -42652-2 0  9997
2 63097  69.9906 209.7119 0003857 277.8414 213.7585 15.85896692  3600
STARLINK-32913          
1 63098U 25037X   25069.16667824 -.00937985  00000+0 -42403-2 0  9992
2 63098  69.9906 209.7161 0003836 279.7342 208.4346 15.85901407  3535
STARLINK-11629 [DTC]    
1 63104U 25039A   25069.50002315 -.01000695  00000+0 -53524-2 0  9994
2 63104  43.0017 277.7827 0002033 261.6184 114.8475 15.81924269  2994
STARLINK-11624 [DTC]    
1 63105U 25039B   25069.50002315 -.01066936  00000+0 -51186-2 0  9997
2 63105  43.0017 277.7646 0001791 259.3646 124.2247 15.84367886  2981
STARLINK-11584 [DTC]    
1 63106U 25039C   25069.50002315  .00024446  00000+0  10541-3 0  9996
2 63106  43.0015 277.7571 0001415 288.0502  98.5107 15.84469618  2995
STARLINK-11627 [DTC]    
1 63107U 25039D   25069.50002315 -.00283750  00000+0 -12310-2 0  9999
2 63107  43.0017 277.7498 0001759 260.9345 128.6292 15.84561239  2993
STARLINK-11632 [DTC]    
1 63108U 25039E   25069.50002315 -.00047872  00000+0 -20120-3 0  9992
2 63108  43.0015 277.7436 0001994 262.4702 129.5573 15.84461977  2999
STARLINK-11625 [DTC]    
1 63109U 25039F   25068.91668981  .00077354  00000+0  32887-3 0  9993
2 63109  43.0017 281.3251 0001465 283.0178  21.0871 15.84317871  2908
STARLINK-11601 [DTC]    
1 63110U 25039G   25069.50002315 -.00072153  00000+0 -30413-3 0  9991
2 63110  43.0014 277.7284 0001511 268.6089 129.3204 15.84543308  2991
STARLINK-11630 [DTC]    
1 63111U 25039H   25069.50002315 -.00089240  00000+0 -37915-3 0  9991
2 63111  43.0013 277.7207 0001758 251.3577 149.5578 15.84448625  2983
STARLINK-11590 [DTC]    
1 63112U 25039J   25069.50002315 -.00131077  00000+0 -55979-3 0  9998
2 63112  43.0014 277.7133 0001883 263.1972 140.6311 15.84480827  2956
STARLINK-11598 [DTC]    
1 63113U 25039K   25069.50002315 -.00129361  00000+0 -55232-3 0  9994
2 63113  43.0013 277.7048 0001736 253.3689 153.9494 15.84481603  2990
STARLINK-11600 [DTC]    
1 63114U 25039L   25069.50002315 -.00006671  00000+0 -25893-4 0  9994
2 63114  43.0011 277.6984 0002147 262.0303 147.6329 15.84451101  2991
STARLINK-11597 [DTC]    
1 63115U 25039M   25069.50002315 -.00093698  00000+0 -39764-3 0  9991
2 63115  43.0010 277.6897 0002137 264.2380 148.9159 15.84487200  2996
STARLINK-11591 [DTC]    
1 63116U 25039N   25069.50002315 -.00137739  00000+0 -58870-3 0  9996
2 63116  43.0010 277.6821 0002053 272.1338 143.9534 15.84483855  2952
STARLINK-32955          
1 63117U 25039P   25068.91668981 -.00996178  00000+0 -51587-2 0  9995
2 63117  43.0010 281.2693 0001959 266.1394  59.7841 15.82595741  2906
STARLINK-32945          
1 63118U 25039Q   25068.91668981 -.01004409  00000+0 -52041-2 0  9990
2 63118  43.0011 281.2639 0001986 267.8721  60.2757 15.82605141  2909
STARLINK-32941          
1 63119U 25039R   25068.91668981 -.01016838  00000+0 -52740-2 0  9996
2 63119  43.0010 281.2522 0001985 268.3638  64.3717 15.82614874  2906
STARLINK-32942          
1 63120U 25039S   25068.91668981 -.01011707  00000+0 -52448-2 0  9993
2 63120  43.0010 281.2581 0001951 268.3903  62.0116 15.82612554  2890
STARLINK-32947          
1 63121U 25039T   25068.91668981 -.01021328  00000+0 -52974-2 0  9998
2 63121  43.0012 281.2472 0001974 269.0647  65.8101 15.82626031  2902
STARLINK-32961          
1 63122U 25039U   25069.16667824 -.01043116  00000+0 -55660-2 0  9996
2 63122  43.0010 279.7063 0002071 267.6143  55.4479 15.82083638  2939
STARLINK-32948          
1 63123U 25039V   25069.16667824 -.01053317  00000+0 -56246-2 0  9992
2 63123  43.0010 279.7007 0002139 271.1806  54.0622 15.82093591  2933
STARLINK-32957          
1 63124U 25039W   25069.16667824 -.01093606  00000+0 -57529-2 0  9993
2 63124  43.0012 279.6949 0002039 270.3387  57.3313 15.82095028  2934
SUPERVIEW NEO-1 03      
1 63125U 25040A   25069.51652177  .00010465  00000+0  46533-3 0  9993
2 63125  97.3113 190.7954 0000329 124.7965 235.3302 15.21682136  1673
SUPERVIEW NEO-1 04      
1 63126U 25040B   25069.51703106  .00011747  00000+0  52209-3 0  9994
2 63126  97.3123 190.7961 0000240 150.2202 209.9048 15.21669845  1680
CZ-2C R/B               
1 63127U 25040C   25069.29707122  .00014756  00000+0  58355-3 0  9993
2 63127  97.1386 190.0965 0016533 284.2422  75.6980 15.25438619  1658
PROGRESS-MS 30          
1 63129U 25041B   25068.89181685  .00014826  00000+0  26852-3 0  9996
2 63129  51.6353  78.8409 0006401   3.2120 356.8909 15.49852573498775
COSMOS 2584 [GLONASS-K2]
1 63130U 25042A   25064.36754166  .00000017  00000+0  00000+0 0  9997
2 63130  64.8229  88.7725 0002688 303.9787  56.0471  2.12878091    50
FREGAT R/B              
1 63131U 25042B   25068.10162183  .00000038  00000+0  00000+0 0  9999
2 63131  64.8262  88.6466 0017075 197.7386 162.2571  2.13753309   123
STARLINK-11609 [DTC]    
1 63132U 25043A   25069.00002315 -.00932456  00000+0 -36837-2 0  9991
2 63132  43.0032 291.4908 0001958 274.1815 233.1238 15.87974348  2081
STARLINK-11604 [DTC]    
1 63133U 25043B   25069.00002315 -.00925399  00000+0 -36428-2 0  9996
2 63133  43.0033 291.4878 0001919 270.0711 238.3383 15.88029393  1962
STARLINK-11605 [DTC]    
1 63134U 25043C   25069.00002315 -.00923427  00000+0 -36004-2 0  9997
2 63134  43.0033 291.4816 0001902 271.4965 239.4537 15.88214972  1965
STARLINK-11610 [DTC]    
1 63135U 25043D   25069.00002315 -.00923626  00000+0 -35801-2 0  9993
2 63135  43.0033 291.4769 0001959 273.2694 239.4155 15.88331072  1972
STARLINK-11613 [DTC]    
1 63136U 25043E   25069.00002315 -.00919418  00000+0 -35433-2 0  9999
2 63136  43.0033 291.4727 0001747 270.3249 244.0353 15.88437766  2088
STARLINK-11616 [DTC]    
1 63137U 25043F   25069.00002315 -.00921650  00000+0 -35248-2 0  9995
2 63137  43.0034 291.4676 0002031 273.9193 242.5846 15.88591083  2080
STARLINK-11611 [DTC]    
1 63138U 25043G   25069.00002315 -.00915073  00000+0 -34646-2 0  9999
2 63138  43.0033 291.4613 0002047 274.1595 244.8747 15.88774397  2083
STARLINK-11628 [DTC]    
1 63139U 25043H   25069.00002315 -.00912553  00000+0 -34354-2 0  9996
2 63139  43.0031 291.4567 0002106 275.9373 244.7427 15.88880367  2088
STARLINK-11607 [DTC]    
1 63140U 25043J   25069.00002315 -.00908391  00000+0 -33921-2 0  9992
2 63140  43.0032 291.4512 0001949 272.0254 250.8264 15.89032161  2080
STARLINK-11522 [DTC]    
1 63141U 25043K   25069.00002315 -.00909168  00000+0 -33749-2 0  9994
2 63141  43.0031 291.4467 0001913 270.6055 253.9909 15.89150844  1902
STARLINK-11503 [DTC]    
1 63142U 25043L   25069.00002315 -.00905598  00000+0 -33347-2 0  9992
2 63142  43.0030 291.4412 0001831 264.9518 261.7957 15.89301429  1908
STARLINK-11579 [DTC]    
1 63143U 25043M   25069.00002315 -.00903570  00000+0 -33095-2 0  9991
2 63143  43.0029 291.4373 0001916 271.7506 256.5611 15.89400567  1968
STARLINK-11581 [DTC]    
1 63144U 25043N   25069.00002315 -.00900885  00000+0 -32737-2 0  9990
2 63144  43.0028 291.4317 0001909 268.6979 261.7185 15.89549045  2080
STARLINK-32949          
1 63145U 25043P   25069.00002315 -.00989926  00000+0 -35552-2 0  9992
2 63145  43.0026 291.3974 0001875 268.2474 275.7221 15.89978243  1974
STARLINK-32952          
1 63146U 25043Q   25069.00002315 -.00986978  00000+0 -35354-2 0  9997
2 63146  43.0023 291.3935 0001764 263.7812 281.5215 15.90023371  2033
STARLINK-32936          
1 63147U 25043R   25069.00002315 -.00952371  00000+0 -34853-2 0  9991
2 63147  43.0026 291.4233 0001915 270.7604 262.9200 15.89526757  2035
STARLINK-32937          
1 63148U 25043S   25069.00002315 -.00957833  00000+0 -34954-2 0  9992
2 63148  43.0026 291.4197 0001964 269.5548 265.5537 15.89593653  1975
STARLINK-32939          
1 63149U 25043T   25069.00002315 -.00972259  00000+0 -35249-2 0  9990
2 63149  43.0025 291.4107 0001947 273.3134 265.3617 15.89753892  2039
STARLINK-32919          
1 63150U 25043U   25069.00002315 -.00963643  00000+0 -35051-2 0  9990
2 63150  43.0027 291.4155 0001960 270.0805 266.7459 15.89670665  2080
STARLINK-32876          
1 63151U 25043V   25069.00002315 -.00978229  00000+0 -35346-2 0  9994
2 63151  43.0027 291.4066 0001935 269.5148 270.8776 15.89833136  2034
STARLINK-32915          
1 63152U 25043W   25069.00002315  .00634437  16726-3  18600-2 0  9993
2 63152  43.0024 291.3965 0002900 260.0253 284.4170 15.91915946  2037
SEDNA-2                 
1 63153U 25009DQ  25068.85206492  .00016766  00000+0  12683-2 0  9998
2 63153  97.4946 150.1675 0011212 209.6744 150.3846 15.02348921  8160
2025-045A               
1 63157U 25045A   25069.35219743  .00000545 -65692-6  00000+0 0  9992
2 63157  19.0062  64.6364 7327661 179.7218 141.4162  2.26206155    28
